9.381702990005305054e-01
8.616545280998793022e-01
8.773793176571139663e-01
8.947724800304175385e-01
9.076681322756852133e-01
8.927774097354632676e-01
9.621367205839159720e-01
7.834895854704708729e-01
8.294086295884220972e-01
7.295570826222315119e-01
9.544683814284132817e-01
7.805943153219587760e-01
9.182332074752568296e-01
8.524736928641412081e-01
8.924435010524551792e-01
7.330801031261184875e-01
7.644610434821699219e-01
8.001470295640925601e-01
7.911276981309268708e-01
9.171081867968358114e-01
8.340796523170443955e-01
9.406374886939099511e-01
7.438132440333452555e-01
9.264581083054517219e-01
7.578830527544215823e-01
8.909342619008264741e-01
8.795802814199511488e-01
8.801243808373480082e-01
9.075797894705246449e-01
9.116471774837385800e-01
9.048141286474061795e-01
8.323635958415285252e-01
8.625677461298375537e-01
8.445455058812023630e-01
9.041919980480328523e-01
8.493568955329200421e-01
9.052558733944269242e-01
8.168663180035904414e-01
8.385818089022762933e-01
8.315816965562432550e-01
9.464704117036808473e-01
9.400072824703640251e-01
8.574978470597460767e-01
8.876046325855104779e-01
9.142090077115059277e-01
9.150864198160841845e-01
9.945313067658141382e-01
9.733308068530308610e-01
8.247390961327132342e-01
8.693890547750984243e-01
9.124878158011816565e-01
8.556078852659180223e-01
8.110208481273823988e-01
8.995347600308890579e-01
8.461803885228413868e-01
9.541692380424193765e-01
9.479263611176664828e-01
8.157198207377549526e-01
7.092131456437749115e-01
9.473721916471227189e-01
8.743936379154855221e-01
9.069585028542458405e-01
9.589075222242977592e-01
8.810382607581253023e-01
8.549505138194606335e-01
9.117294824939219389e-01
9.096471434967436931e-01
8.934834876641633006e-01
9.838738819136086944e-01
9.077356715079059057e-01
8.653744683219325440e-01
7.175657058449005365e-01
9.229300618715751137e-01
8.155296162676781702e-01
9.444383152503994516e-01
9.155069934907100748e-01
9.259197049289472625e-01
8.968974252092709598e-01
8.375922152417005773e-01
9.182619079684266605e-01
8.767488794122619833e-01
7.120795984753205410e-01
8.224639119864460834e-01
8.762965697879463445e-01
9.327920943702969758e-01
8.437196169763877540e-01
8.935552980532934786e-01
8.574192302546866928e-01
8.416742506249355049e-01
9.026365901181780949e-01
9.264288831186346940e-01
8.364652597146442492e-01
8.889918829758591823e-01
9.295633311149505973e-01
9.428550368791124292e-01
8.768285623328671008e-01
8.761261680504432992e-01
7.436692606399675221e-01
9.335982063429795197e-01
7.969386345780360426e-01
7.084912808654408867e-01
9.474353413281182412e-01
9.295793214721779218e-01
8.619474651365562901e-01
9.228328675912067514e-01
8.726853382956756278e-01
9.487598640337366884e-01
8.503154439450779645e-01
8.505405372982393075e-01
9.031490209253656420e-01
9.445338091431776384e-01
9.363808363294094939e-01
8.819349027411540476e-01
8.310421470859499227e-01
7.038709566682699315e-01
9.676012905339130832e-01
8.937192588337188326e-01
7.584917962556567694e-01
8.466371138043160549e-01
9.741857758099221609e-01
9.043276066785745915e-01
8.800722327961632008e-01
7.415701949188259201e-01
8.434850000064801900e-01
9.038794410907656784e-01
8.928436633689673663e-01
8.655641699635483466e-01
7.879756193947757836e-01
9.518050184018042037e-01
9.373341590389645539e-01
8.609188148107570493e-01
8.262277593107928420e-01
9.169020293808176625e-01
8.413534154685987643e-01
8.716865791258885388e-01
8.184089616538395839e-01
8.826560224136388300e-01
8.055882095310846758e-01
9.229500653191653470e-01
7.497378997424989366e-01
8.290215300410740396e-01
9.352293857136044775e-01
9.733625464069417532e-01
7.570188477727030074e-01
9.298553903308158786e-01
8.459464532735904152e-01
9.017859051621881505e-01
8.708982735336115999e-01
9.227764362420628474e-01
8.390225948912040099e-01
7.373806416382917561e-01
9.369599218626062376e-01
8.264463675208760796e-01
8.420179969011495347e-01
8.570416500653303959e-01
8.740865809955615795e-01
9.498914955815427330e-01
8.171931952183277836e-01
8.402103497789883413e-01
9.375266836220912392e-01
8.370746343609807294e-01
9.424514631641310869e-01
9.067210407821466589e-01
8.108906008760982109e-01
7.652623898120919366e-01
9.598497443029754272e-01
9.205270178268283310e-01
8.261377308744053405e-01
7.735235378263478623e-01
7.562683657112082569e-01
8.855536777184607189e-01
8.854811942025537785e-01
7.387522693508583593e-01
7.417458672863841418e-01
9.328043556671520298e-01
9.627427952820244439e-01
8.318729751131244132e-01
8.614875658642452416e-01
9.259326903244232687e-01
8.082191358137882364e-01
9.299520865410044745e-01
8.223958592253013400e-01
7.712529688465470379e-01
9.052639264475690339e-01
8.134208064645178649e-01
8.237912020970351579e-01
9.358983795838496933e-01
8.756195980396174194e-01
8.873024957124886480e-01
7.561185715929574780e-01
7.830048003240719368e-01
8.645776129789302100e-01
8.631319038648391784e-01
9.643011386710209631e-01
8.501148722160420945e-01
7.541233336540269505e-01
7.655889028443303435e-01
9.430123573198514464e-01
8.787132063444955676e-01
7.835165965888417627e-01
8.098761434175087981e-01
9.079705572460178287e-01
8.491382839084750112e-01
8.226586409484251128e-01
8.308151123580704844e-01
9.503460912847677688e-01
9.765857890774556349e-01
7.783649417727629416e-01
9.348476073607027148e-01
8.317538384242921801e-01
9.254643941089544246e-01
8.828117594195497020e-01
9.323209740598842332e-01
8.742586034390666949e-01
9.238265210559812868e-01
8.490830502590637208e-01
8.948697296277705604e-01
8.700773218814894516e-01
7.368769496571049293e-01
6.330099794912843469e-01
7.279532763351181934e-01
7.823024464318528715e-01
8.705082900500176191e-01
9.604174170286956524e-01
9.620359608532185192e-01
9.186615639717055082e-01
8.230729369726124123e-01
9.525716503276497882e-01
9.511246163801072573e-01
9.087444883901834025e-01
8.403332933812869276e-01
9.027344656596444361e-01
7.964100232670137114e-01
9.356537442888974709e-01
9.391207820847576881e-01
8.205690003730863324e-01
8.686829832657204653e-01
8.546483142177905279e-01
8.200765158212488526e-01
9.053516687600707824e-01
7.822980741624864232e-01
8.219507721573879877e-01
8.227563123495466035e-01
8.993313224745622669e-01
9.366559881718243830e-01
9.460650963420531578e-01
9.239943176851335149e-01
9.419513926318159314e-01
8.752821394658907295e-01
9.383151075431169774e-01
8.465762843127087045e-01
9.340563408035631454e-01
8.304700820648625026e-01
8.232753347687346013e-01
9.043945752809381400e-01
9.567127420060322907e-01
8.616671259562594942e-01
6.935736257124109905e-01
8.862672628144683262e-01
7.692875522726568827e-01
8.818881052289497813e-01
8.512610558106075143e-01
9.122485215121194368e-01
9.140328088412663643e-01
7.859989343907015646e-01
9.648519918715973143e-01
8.378564126005406676e-01
9.453696922937502300e-01
9.241695919513912560e-01
7.950876368273391837e-01
9.141318710648516088e-01
9.199883841712594990e-01
8.852199851203930159e-01
7.569221728937538529e-01
9.579805890728810835e-01
9.032983396140152887e-01
8.902891156857927202e-01
8.810447911497425455e-01
8.694883995357914896e-01
8.650996404713566790e-01
9.152817768116598973e-01
8.055259721739486123e-01
8.148278344428369069e-01
7.420320361878880444e-01
8.973894403734078429e-01
9.229231015827252804e-01
7.329368759841885517e-01
9.305988898189110348e-01
9.655729267594341803e-01
9.781907734052184278e-01
7.197445470587962024e-01
7.018313094844155220e-01
7.669316554667546804e-01
8.139899846215543633e-01
9.247983038014293555e-01
8.179744748898731821e-01
9.009286572997412534e-01
9.587258268202354383e-01
7.805061815440574868e-01
8.016214057652621960e-01
9.741569606185347396e-01
8.595773147965379835e-01
9.097585166386954469e-01
9.219707230363556327e-01
9.021796201846772334e-01
9.772928430094419694e-01
8.677856464981799078e-01
9.257988197496824778e-01
9.258254924594495616e-01
9.189971816979773944e-01
8.646678236884854929e-01
8.820947274115069625e-01
7.730174854454343603e-01
9.206950372568400986e-01
8.567222898822937083e-01
9.682304070754713665e-01
9.901212331607358585e-01
9.483667447861114930e-01
8.620739076547331292e-01
8.956928918738034096e-01
8.979769591712556398e-01
8.835155188493630796e-01
9.150779427998884108e-01
9.885908193770722718e-01
9.655268158817118529e-01
8.047452644476431605e-01
9.476335498169955462e-01
8.699648037489998709e-01
7.874103094179041307e-01
8.731964839293433478e-01
9.449333236287705828e-01
9.765140771615523629e-01
8.297179781394545817e-01
9.192285626090557216e-01
8.744877842153753189e-01
8.868616105146480688e-01
7.871155109549077267e-01
7.298529066689063427e-01
9.513354514644446480e-01
9.386555427614409197e-01
9.378901095210290251e-01
9.197222476057320684e-01
8.166532849381875625e-01
9.061087812144565934e-01
9.578465792314523330e-01
8.230275997324684178e-01
7.353951578662674127e-01
9.880456123313726691e-01
8.703472762741965019e-01
7.627836072417785163e-01
9.412870093741386723e-01
9.263908601644177399e-01
8.816654117685488457e-01
7.774143225505424359e-01
8.795794177373337241e-01
8.905156668286657862e-01
9.519374326004408360e-01
9.358890836688702475e-01
8.880343481316036458e-01
9.351427079189693625e-01
8.545527101078622678e-01
8.181419462188587177e-01
9.005627129680127130e-01
8.807983318647748527e-01
8.991456126710606345e-01
8.742014635643720055e-01
8.818850072020820718e-01
9.306775560376007173e-01
8.703196908116814789e-01
8.387617565844565082e-01
9.233174879792519496e-01
9.654720535637180134e-01
9.276384590239505901e-01
9.522661244321741769e-01
8.361698630685647782e-01
8.563122488635798168e-01
7.622747579070476842e-01
8.879910089977393062e-01
9.206727901879837583e-01
8.415198409948521086e-01
8.844633516280053787e-01
6.528991606481615584e-01
8.143483066554233485e-01
9.004087859253246950e-01
9.040748519260372040e-01
7.840978741278223918e-01
8.863089068828187145e-01
8.699399373568310612e-01
9.355538372138031411e-01
8.350363048634075192e-01
9.260221734441848040e-01
7.969718738345294984e-01
8.453450751748418091e-01
9.346307473940103083e-01
8.120323080357374490e-01
8.480265435269738195e-01
9.277629134327198823e-01
9.106442091375239745e-01
9.541301024070221182e-01
9.718849661733202083e-01
8.040697566151759901e-01
9.662246773338237782e-01
8.735616356726303433e-01
9.259680071386228173e-01
8.064934922702389208e-01
8.604515420988749774e-01
9.155021026525520522e-01
9.344870142598411533e-01
8.812310591028693629e-01
9.931537554744944707e-01
9.275218397365436740e-01
8.668610996311499894e-01
8.755560577333745265e-01
8.737595549460117628e-01
8.261183124533821864e-01
8.724996897862160594e-01
8.891716429213505357e-01
8.269047602693428978e-01
8.797081627317380192e-01
9.057819420778707720e-01
8.459271083410020431e-01
8.566248684521835521e-01
8.147652907256629495e-01
8.744223268599506937e-01
9.162213403581775939e-01
9.190683687158026638e-01
9.607873509754860653e-01
7.468547021614615478e-01
8.910652823466091998e-01
8.624990432434215260e-01
8.189010958245594995e-01
7.485972658090019882e-01
8.273828470358679521e-01
8.916258267506405044e-01
9.026327683197670204e-01
8.708277136924279516e-01
9.569886915906634650e-01
8.949286045616984264e-01
8.951842882217280195e-01
9.711686732087041474e-01
8.251294865267264633e-01
8.568052833399653068e-01
8.572479190370960733e-01
9.157504263692870516e-01
8.609385863604201994e-01
7.213385326724961466e-01
9.479580886451415278e-01
9.135965171494132564e-01
9.393895552529001325e-01
9.820124976987993914e-01
9.132775579290387524e-01
9.008518161019247739e-01
9.217993651470963723e-01
7.685044065438589866e-01
9.584376591684562463e-01
9.769327843051559546e-01
8.635308281048472701e-01
9.229240940901505263e-01
8.159934535601647276e-01
8.923651719748224576e-01
9.286960687863433650e-01
8.994267456910765013e-01
9.176437388056714051e-01
9.390818695831129048e-01
8.529341481075358722e-01
9.665378439292864332e-01
8.924156715243865001e-01
7.740117601682072745e-01
8.356159691699452940e-01
8.363647947673681360e-01
8.775445178344922770e-01
8.176990849868512878e-01
8.619027804415729799e-01
9.557787580166059449e-01
9.642271137618316779e-01
8.570060716536225254e-01
9.556500812539910905e-01
9.040432254900027109e-01
7.742598546597880826e-01
8.305451767495550808e-01
9.611635680074621657e-01
8.457561058756728478e-01
8.970712076173454896e-01
9.474612192964952939e-01
7.871302575150558312e-01
9.189146003841106580e-01
8.704325029591053475e-01
9.737184531191549475e-01
8.710996619307017630e-01
8.217394392256219815e-01
8.413808762560015531e-01
7.414872616917796977e-01
7.429875301230063345e-01
9.362067662202389062e-01
8.284941092793449702e-01
7.647112462872428518e-01
7.567008676814236390e-01
8.650099200844738601e-01
8.180302809394983665e-01
8.992667934899116755e-01
9.328377610683105114e-01
9.740002288187078472e-01
6.886797718615462749e-01
8.798328169216889094e-01
8.997269404908982970e-01
7.739759015583345114e-01
7.780829862880842551e-01
9.679137263781383282e-01
9.312672445080300010e-01
8.846428817093094921e-01
8.657782776269118408e-01
9.556721288926726121e-01
9.563955452887875630e-01
8.725503321598779838e-01
8.585721328305268019e-01
8.286765986332682576e-01
9.068121168718080716e-01
9.440571658288701151e-01
8.057369962376490502e-01
9.684200790801938963e-01
8.532782020895919306e-01
8.931807860787446263e-01
7.937299362036243089e-01
8.377239526616409027e-01
8.135801891066507530e-01
8.101783493425881444e-01
8.192437048625250684e-01
8.106476786723559869e-01
8.156304123899646985e-01
9.929695748507476605e-01
8.844459411119197645e-01
8.147729381821995354e-01
9.258205426680714556e-01
9.236435151195206972e-01
8.691603736911676092e-01
9.225054697438093143e-01
7.585405570508199080e-01
8.313957304343564392e-01
8.956214143113920834e-01
8.568337965983819915e-01
8.489057037928557925e-01
8.759218440740914602e-01
7.578892720632639524e-01
8.823397812137543372e-01
9.233479586779462789e-01
8.329795101182435602e-01
8.978288279828365859e-01
9.387835916679987402e-01
8.043097684220832377e-01
8.609103757728304718e-01
8.964002925725522708e-01
9.523226782466110985e-01
8.420816628329661491e-01
8.320550151156540508e-01
7.793116832043762710e-01
7.494292146309504687e-01
9.180281508074967789e-01
8.950654671261641937e-01
9.094996526977782159e-01
8.825096828804110949e-01
8.788743654713854214e-01
9.606350572021683520e-01
9.161991313281518945e-01
8.924333686527634590e-01
9.518818110923159548e-01
8.797528943398029710e-01
9.298063828033917844e-01
9.314088241851365968e-01
8.723602266065116906e-01
9.070251469196958238e-01
8.740494068873592148e-01
8.168990798490034511e-01
9.415457469262720203e-01
9.324192739182535217e-01
8.889694060938249098e-01
8.630716942139641246e-01
9.328401343211427665e-01
8.568146397618195964e-01
9.303508703379619327e-01
8.954503479184392489e-01
9.751339653456687628e-01
9.213494200785085075e-01
9.311074797788669866e-01
9.110858809599541308e-01
7.975378464005422607e-01
8.697518278856828378e-01
8.564265985165929740e-01
7.795219240530673055e-01
8.957152050152068501e-01
8.298403159789239369e-01
7.731461009593191269e-01
9.035249633728652530e-01
8.832174540001590524e-01
9.245474900092318649e-01
7.709503501116427016e-01
8.822270426077389871e-01
8.701906161247656701e-01
9.666215802379991562e-01
8.536786445331463469e-01
9.795364746516088683e-01
7.433874409778722381e-01
8.724202025889005174e-01
8.107093545492358722e-01
8.621727344184364483e-01
8.161389081750212160e-01
8.335159910353604484e-01
9.598865433040820738e-01
9.522395137038390800e-01
9.194581344422564362e-01
9.379551629767203247e-01
7.656164770332616332e-01
6.740464793993911075e-01
9.421279247858896921e-01
8.067661004304167438e-01
8.034672143326471172e-01
9.697284066866802554e-01
8.313098088905678251e-01
9.769790880450553994e-01
8.065558354987932832e-01
9.346146472177465636e-01
9.581988199107518422e-01
9.106937618845925009e-01
8.275102666063985923e-01
8.742179466739127269e-01
7.526239677283999008e-01
8.878873573961859611e-01
8.852785359134602849e-01
8.173848092656847975e-01
9.538410736344211660e-01
8.835999853557681138e-01
7.412949044106328378e-01
9.124011118369177442e-01
7.182232744909422539e-01
8.086017040552520019e-01
9.336551824498620089e-01
9.243737091737734834e-01
8.728880410378880850e-01
8.211246847043753849e-01
9.360063857537319620e-01
7.896063992370015994e-01
9.194555370461644506e-01
9.321691220289097801e-01
9.258172297714530874e-01
8.418569404665137146e-01
9.375980620203809845e-01
9.596342372870786397e-01
9.003468087990376123e-01
9.235104111800128690e-01
8.471880915491439845e-01
8.959829784154238475e-01
8.762451257026789841e-01
8.412420886887101990e-01
8.739121895414614372e-01
5.953256379985399915e-01
9.004649970995112218e-01
8.710174883255421552e-01
9.371812450485565993e-01
9.066381379240587846e-01
9.648851163225141692e-01
9.322036983051105175e-01
7.352973992915654566e-01
8.441609256785225224e-01
8.434418419678515466e-01
8.836683963121108043e-01
9.368503784359651920e-01
8.388628955260187814e-01
8.294060371444663682e-01
8.690662524258616628e-01
9.444662935235881296e-01
9.666313359581675257e-01
8.683135242861149683e-01
9.608750341047187504e-01
8.974111265325792619e-01
9.503387889340817463e-01
9.428823005507862565e-01
9.713138243540966332e-01
8.847787416031335228e-01
9.507532527877239348e-01
9.164533450927461189e-01
8.642676280287229229e-01
9.329890176424802117e-01
9.692807523720181617e-01
9.289425503515871263e-01
7.772276073491466430e-01
9.173008694006552499e-01
9.649703804247665717e-01
9.393281386984684289e-01
9.480658255197889073e-01
9.486131058555780093e-01
9.067402343281419919e-01
8.582354435285191041e-01
8.855608610267454717e-01
9.008377286264004358e-01
9.222132150240669457e-01
9.483249593325147053e-01
8.530665241563081258e-01
8.371681791812115581e-01
9.248208225169399777e-01
8.480219586619150984e-01
8.226133365685287524e-01
8.328609277337950534e-01
9.248264979739768687e-01
9.610238260232693008e-01
8.787194790818635415e-01
8.431939830809163094e-01
8.086579440237631200e-01
8.017093716399840142e-01
9.849695656236981955e-01
9.109356739226215360e-01
9.079099506590406765e-01
9.006272417436652633e-01
9.542574181311288539e-01
9.471907323531469913e-01
9.916392726788858525e-01
9.531281807975471310e-01
8.838423987756249822e-01
9.303497088160292972e-01
8.819513300811236967e-01
7.535104953204591061e-01
8.547943599058072106e-01
7.630350805567587269e-01
8.102548672315438294e-01
8.542915561339470276e-01
8.539566444425537028e-01
9.074151098644058777e-01
8.195126961532814835e-01
8.014074565738841249e-01
7.471284005245137916e-01
9.269019186861131576e-01
8.513172805509572338e-01
9.217190565958142123e-01
8.775117428834944278e-01
7.683753108229920414e-01
9.533044455140505802e-01
8.789930601512536690e-01
7.731427603150395900e-01
8.826338434036498093e-01
8.504877396698512504e-01
9.252801324007624562e-01
8.971445788948961830e-01
9.343079238117917296e-01
8.057788897815851836e-01
8.649821071222717483e-01
8.097712241053266480e-01
9.027951468421415715e-01
7.521869614528119419e-01
8.608936764078551906e-01
9.295641806367334059e-01
9.198035614712023467e-01
9.317285114482583008e-01
7.976042834963973371e-01
8.341787626057128868e-01
8.403740571704466644e-01
8.991461774336935164e-01
9.235906376364633186e-01
9.780845042678761869e-01
8.341556966703693732e-01
8.762491570316066625e-01
8.781170279051520033e-01
9.381862653408052921e-01
7.350133475768642066e-01
8.618362909685902684e-01
8.617716587989820987e-01
8.482933486792103572e-01
9.038015616102266225e-01
8.746550979947185223e-01
8.759767048422855140e-01
9.483582612558019154e-01
7.758062895236108591e-01
8.500012811387438472e-01
9.047351931899516586e-01
8.261850820454298416e-01
8.518115912468153805e-01
9.356035725236420131e-01
9.236626957865252674e-01
8.772440079166234916e-01
7.979681031445634565e-01
7.547934564739697816e-01
8.849811175192507928e-01
9.481300819375342304e-01
7.949020333527130333e-01
8.641108096189642485e-01
7.727370697134778865e-01
9.158579375320502480e-01
8.175325912742760215e-01
7.329875729177637300e-01
9.791439647114439371e-01
8.860739815870571912e-01
8.727068295588324975e-01
8.812662757468963104e-01
9.580089932570887701e-01
7.946907842544859157e-01
9.226030405875207396e-01
8.955656512973568795e-01
8.653320083062278067e-01
9.739340409421757272e-01
8.947379958020131863e-01
8.902865943159435913e-01
9.655492569441108675e-01
7.605932737703602342e-01
9.263569987202497913e-01
8.554357565455097401e-01
8.429715299436073561e-01
9.356013074206452895e-01
9.248619681416467841e-01
9.090918798747675833e-01
9.171093166573136557e-01
8.782525630047952614e-01
8.982589946120744795e-01
8.678174140459716801e-01
8.754409754321808013e-01
8.861047007627345096e-01
9.063524143796937160e-01
7.485348204914088477e-01
7.746540569124074072e-01
9.555561057765793453e-01
9.552364258680843268e-01
8.155734517126933536e-01
8.581954182546638332e-01
9.672914493469098041e-01
8.894655040106296262e-01
9.789382743403336473e-01
7.838573259822224637e-01
9.480766540812439747e-01
8.559488982973155746e-01
8.791151880192031864e-01
9.911047370183982963e-01
9.449693731681327868e-01
9.748167187800282907e-01
7.827915878127729155e-01
8.809000460067090144e-01
7.008436156819810581e-01
8.871624075734410031e-01
8.720048443760284318e-01
7.576746376612353284e-01
7.747291795016262306e-01
8.965504332653362329e-01
9.838592706982723923e-01
8.797321370916102445e-01
8.671010799028646687e-01
7.949182760062165620e-01
9.571833296432923355e-01
8.845366954438420581e-01
8.812670879738415675e-01
6.705047483281847409e-01
8.665053160537382615e-01
9.179088436204572155e-01
8.271958221201731742e-01
8.767590805053981917e-01
8.452982950396894513e-01
9.291729758660015603e-01
9.444519417107299919e-01
9.245427127269125744e-01
9.230484083097999504e-01
8.894272357989957412e-01
9.366560526171603396e-01
7.936020767421849698e-01
6.599420492253491588e-01
9.692858385032897539e-01
8.983094063482710556e-01
8.560321575533724747e-01
9.022406267702035576e-01
8.419927857598878962e-01
9.569203241460627618e-01
9.368331824661353391e-01
7.037251745857653340e-01
9.423555686089905015e-01
9.702132367875810903e-01
8.444503835393222246e-01
9.460063110558127875e-01
7.254461866974706297e-01
9.353679565696072506e-01
9.091804129802378842e-01
9.604103009430173810e-01
8.310013058334475566e-01
7.968398053733483088e-01
8.924004491242729653e-01
8.507966131845068336e-01
8.438570186346157076e-01
8.198781169557960435e-01
8.779033127765882849e-01
7.632291671948183698e-01
8.204416591615446563e-01
9.213397672112160208e-01
8.859084551418046072e-01
9.455067620475099410e-01
9.137714494122308739e-01
9.487850460928854979e-01
7.856712926568031330e-01
9.053867934004888873e-01
8.866072655013317316e-01
8.697558488193354309e-01
8.660082202003680507e-01
9.034367988368520175e-01
7.948474244499109664e-01
8.354534336558017138e-01
8.749012551853909692e-01
7.738963359439759992e-01
8.376618045683845715e-01
9.287604410731724602e-01
8.059927321433586478e-01
8.907127734808899522e-01
8.956795269112447500e-01
8.518578968845766930e-01
8.993637387904049874e-01
9.607295202962475855e-01
8.176190101560832924e-01
9.365396136556606299e-01
9.050713345414211908e-01
9.422425983196249799e-01
9.071233196086359030e-01
8.991443049568876855e-01
9.716257475228065044e-01
8.099534608990472950e-01
8.619291146622489741e-01
8.739676667781353103e-01
9.861644763553836235e-01
9.147407734508312682e-01
8.982576884309401155e-01
8.788481534633967307e-01
8.796884153782515980e-01
9.037284177504354421e-01
9.652245052638719347e-01
8.794308753716914007e-01
8.774433164875239388e-01
9.308913577414650309e-01
9.600216120213937998e-01
7.716242662624768212e-01
6.863657532443117049e-01
7.764051991681470977e-01
8.913690975187636978e-01
8.036609396246755521e-01
8.373043239158620699e-01
8.663312764073300976e-01
8.939609914686768022e-01
9.308973832615032862e-01
9.697302370433087404e-01
8.695497978649762150e-01
8.917771649539314449e-01
8.584938682601881421e-01
8.638218260072689780e-01
9.859227563820525120e-01
8.507853076995754993e-01
9.218381479528798828e-01
9.046145482754113232e-01
7.365001771349053428e-01
9.374971310464926821e-01
9.724853250374426716e-01
8.258698696787285520e-01
8.272788243447501966e-01
8.787279898937407907e-01
8.592045327209965055e-01
9.090592720931613968e-01
8.398142156704671013e-01
9.162905514402586160e-01
8.190613991786648285e-01
8.971528113814298822e-01
9.387044291935779938e-01
9.849741945803616172e-01
9.336906070922509349e-01
8.136275452807659736e-01
9.175143024122647262e-01
8.960792860772999191e-01
9.260646171590410924e-01
8.884344069127220189e-01
9.576053245782174539e-01
8.935767265824392513e-01
9.286527539421867150e-01
9.431687593991494589e-01
9.919293533843809296e-01
8.873009219505885170e-01
8.141462295211944200e-01
8.118530339911325111e-01
8.935411085789781716e-01
8.623370153210927480e-01
9.227207169109250540e-01
9.291825010821771480e-01
9.542194519807609687e-01
8.727041166839988318e-01
6.850271995120991164e-01
8.928342455350374296e-01
9.814183690077706856e-01
9.469514147308272234e-01
9.373461401890792466e-01
8.367477062941361954e-01
9.728226245835274177e-01
9.167390224045055547e-01
8.621130452549714551e-01
8.254247226977022844e-01
8.512508131397755751e-01
9.258234409104717511e-01
7.071620024192466492e-01
9.347790380964637880e-01
8.662568180397549611e-01
9.770471595688799971e-01
8.331099745035258630e-01
8.855579003793903059e-01
8.458492295932238392e-01
8.825206205750635302e-01
9.274932055895321881e-01
